601099511882116
601099511919796
601099512116561
601099512512218
601099512956096
601099512967760
601099512985572
601099513299678
601099513456216
601099513797710
601099513876237
601099514177508
601099514234509
601099514395587
601099514396363
601099514611565
601099514794110
601099514931575
601099514985433
601099516079940
601099516089983
601099516140942
601099516184801
601099516832791
601099517756820
601099518437500
601099518526144
601099519754003
601099520489567
601099520504633
601099520729864
601099520763077
601099521190155
601099521750983
601099521871802
601099522089231
601099522267692
601099522371360
601099522402371
601099522684444
601099522704498
601099522761031
601099522798994
601099522917120
601099523106289
601099523680456
601099524098765
601099524126091
601099524464699
601099524825217
601099524916867
601099525000589
601099525580894
601099525606604
601099526934261
601099527101605
601099527314189
601099527332849
601099527353718
601099527510459
601099527796293
601099528313858
601099528730356
601099528883503
601099529094177
601099529732714
601099529754667
601099530267994
601099530394801
601099530862665
601099531606611
601099532236044
601099533453972
601099533841174
601099534029301
601099534211372
601099535772619
601099536664578
601099536908795
601099536987161
601099537193860
601099537882731
601099538457690
601099538928629
601099539318755
601099539320448
601099539458313
601099540290835
601099540617480
601099541368579
601099541498314
601099541516375
601099542199444
601099542680654
601099543370352
601099543622514
601099543975416
601099546577446
601099546659893
601099547453502
601099547786201
601099547922853
601099548575279
601099548739091
601099549065170
601099550601878
601099550700140
601099552259600
601099552627637
601099553167011
601099553754940
601099554092916
601099554948535
601099555142366
601099555571658
601099558078428
601099559253143
601099559295788
601099561382048
601099562128023
601099564685759
601099564774462
601099565455551
601099565993130
601099566089885
601099567493037
601099571255467
601099572188942
601099572406039
601099573177747
601099574114798
601099574265220
601099574443963
601099574487393
601099574536303
601099574621568
601099574693078
601099575291512
601099575470280
601099575760217
601099577187627
601099578146676
601099578269133
601099578348331
601099579132889
601099579267397
601099581150578
601099582105476
601099582142042
601099583674464
601099583683673
601099584111541
601099584417825
601099586261313
601099587160515
601099587878841
601099588053506
601099588807629
601099589176805
601099590111540
601099591137437
601099592127596
601099592800786
601099592830760
601099593324713
601099593502009
601099595139431
601099595155681
601099595795067
601099596495697
601099596740532
601099596922285
601099599310345
601099600093447
601099600965852
601099601018284
601099601260136
601099601980879
601099602629615
601099602765546
601099603830063
601099604074547
601099604588367
601099604664045
601099606133498
601099606869339
601099608041027
601099608118455
601099608236022
601099608814085
601099608947627
601099609413954
601099609840730
601099610405543
601099610415303
601099610710547
601099611345347
601099612894629
601099614786727
601099615823125
601099615828436
601099616420647
601099616714090
601099619866532
601099620225730
601099620598265
601099620819177
601099621198951
601099624394912
601099624431230
601099624750387
601099626589279
601099629312930
601099633703738
601099634319441
601099634343424
601099637369908
601099638494338
601099638514486
601099638696156
601099639105241
601099639534098
601099640954950
601099643340514
601099644426506
601099646583006
601099647114403
601099648898509
601099651895693
601099652248882
601099654587636
601099658421093
601099659168136
601099667428425
601099668451164
601099675095010
601099675920422
601099676550516
601099678152168
601099682085784
601099685682824
601099686053271
601099689183551
601099692853186
601099701719415
601099711438229
601099714039172
601099715207840
601099719204144
601099729458859
601099731779728
601099734931938
601099736384653
601099741237569
601099742091812
601099744439687
601099747808733
601099753230816
601099758833312
601099760920889
601099763267936
601099772450298
601099780785804
601099783141987
601099794657398
601099813074405
601099817227800
601099821458069
601099833079073
601099834639494
601099846932409
601099865221882
601099865900714
601099874504144
601099875439940
601099876638963
601099887718525
601099889254596
601099891730383
601099898313877
601099899872053
601099904233226
601099904892660
601099911311895
601099913447058
601099927608371
601099933721077
601099945396630
601099948568436
601099949381051
601099977876775
601099980073618
601099993015937
601100004505025
601100041729214
601100075238601
601100086553587
601100093015647
601100094895279
601100120365485
601100124647313
601100130932624
601100131470883
601100138956507
601100160198616
601100183382557
601100198525980
601100199448900
601100200308437
601100206740536
601100206807893
601100216234049
601100230272566
601100240815505
601100243969867
601100272045466
601100284784097
601100302415687
601100312972322
601100317742962
601100331031944
601100359628804
601100375885392
601100400104656
601100401803699
601100436936733
601100546478154
601100552117461
601100567596113
601100571809490
601100590223404
601100592423514
601100623182916
601100670270008
601100729934304
601100782710160
601100784585507
601100789960736
601100832469026
601100858917684
601100859729434
601100875031411
601100966595172
601100966676347
601100973328677
601100989408772
601101022004142
601101098895206
601101102964681
601101107912093
601101118338671
601101119646963
601101121104330
601101126233251
601101133629438
601101236630924
601101387399211
601101388285623
601101449940346
601101455895551
601101483515717
601101524039931
601101536656064
601101571293235
601101587576926
601101639123846
601101661727323
601101666072542
601101734847331
601101770891049
601101808893760
601101815842005
601101853422243
601101857427426
601101903801579
601101953587389
601101956531898
601101957332162
601101965167689
601101977788938
601102027949537
601102028678747
601102068985743
601102077704284
601102121472414
601102148404312
601102179669220
601102184182476
601102189720371
601102230699570
601102247242522
601102255051201
601102323006659
601102362460185
601102428354243
601102491328358
601102592456938
601102604471037
601102744832294
601102745012781
601102767033167
601102889652570
601102892618171
601102908589955
601102977601210
601103031854369
601103037360883
601103073557161
601103076195508
601103147362670
601103248788835
601103258707324
601103296007046
601103300703848
601103331613427
601103406837387
601103437809077
601103477272901
601103482843682
601103500733069
601103529967549
601103603861161
601103644234234
601103678697311
601103794016378
601103949421856
601103966710621
601104013410107
601104025759246
601104350023541
601104350112825
601104594451437
601104658956224
601104839338183
601104885518461
601105212001796
601105214968664
601105246491113
601105260939830
601105263583062
601105384763857
601105450656033
601105490445990
601105519310315
601105519571759
601105717142938
602262508241851
602352702587042
602380619876633
602444314566497
602525247862818
602975472846485
603019672432129
603089893465746
603097879412135
603262161892743
603266490408979
603266893058356
603289617821190
603293367547124
604023444871530
604291880306323
605499806325729
605512758335277
605539853538220
605543880089583
605544031069820
605587903497387
605588440370064
605593087614567
605649106764684
605655280787928
605688298345002
605744871088517
605756682260633
605758494222503
605765691617199
605827230441960
605881504744584
605905462635892
605918834055749
606032835267682
606037348299126
606051709617623
606067077576680
606092578885951
606111503604667
606115999905952
606138749789410
606194114598443
606204784927640
606210405331698
606236795868547
606274024505573
606320866517804
606357239511926
606361081495003
606387388178611
606422737766625
606422871955299
606429985482636
606468371760901
606484561816055
606486709266577
606507848543081
606513871565427
606517042492978
606521656214848
606573330037589
606866444784512
606938184154480
607047705824065
607158838067971
607351507675233
607629673883647
607660812405903
609997207518178
elsparkcykel-inga-traffar